fsm:[14568170, 14568163, 14567899, 14567898, 14567896, 14567894, 14567887, 14567885, 14567882, 14567880, 14567867, 14567849, 14567845, 14567841, 14567839, 14567811, 14567806, 14562854, 14562814, 14562807, 14562804, 14562803, 14562801, 14562798, 14562796, 14562795, 14562792, 14559540, 14562410, 14562409, 14562407, 14562405, 14562403, 14562398, 14562394, 14562388, 14562368, 14562364, 14562363, 14562358, 14562356, 14562352, 14562348, 14562346, 14562345, 14562341, 14558247, 14558242, 14558209, 14558200]
jbhiatt:[14567179, 14567178, 14562956, 14562924, 14562923, 14562912, 14562555, 14562549, 14562554, 14562548, 14562553, 14562551, 14549700, 14560926, 14560039, 6906689, 8958158, 14558390, 14558389, 14558142, 14558141, 14558140, 14556164, 14555893, 14555892, 14553896, 14553327, 14551479, 14549795, 14549023, 14549016, 14549015, 14549013, 14549008, 14548877, 14527097, 14544260, 14542052, 14542050, 14539174, 14541947, 14541925, 14541184, 14541086, 14386158, 13296288, 14538914, 14538478, 14538461, 14538460]
levin252:[14567005, 14560821, 14560774, 14560773, 14559957, 14378249, 14553592, 14553590, 14087937, 13851433, 14538048, 13990452, 14020690, 14513732, 8381464, 7154114, 14505650, 14503578, 14488235, 14470089, 12185087, 14463084, 14379229, 14459389, 14449086, 14444776, 14449085, 14449074, 14449042, 13798937, 14437564, 10140767, 14346300, 14154570, 14420695, 14420694, 3281478, 7346397, 14419153, 11190995, 11191038, 14406072, 14403772, 11191048, 11070029, 14387262, 7719546, 13971444, 14376291, 14370452]
ajs625:[14566575, 14564352, 14563133, 14561374, 14561371, 14557747, 14504816, 8939238, 14259814, 14259813, 14258092, 14256964, 12512061, 14247343, 2920249, 14147901, 14035529, 13616472, 10896010, 6497618, 13778579, 14023797, 13901007, 14015308, 13988358, 13988221, 11639960, 13447334, 13453228, 7817780, 13913844, 12367231, 13913838, 13900697, 13900689, 13900686, 13900684, 13900678, 13898327, 13898283, 13897692, 13887562, 13853559, 13779739, 13689084, 12055121, 13818094, 11468463, 13816372, 13804590]
guhjy:[14568530, 14568529, 14568528, 14567798, 14567797, 14567792, 14567791, 14567790, 14567787, 14567779, 14567778, 14567777, 14567774, 14567772, 14567767, 14567766, 14567758, 14567753, 14567752, 14567239, 14567237, 14567238, 14567236, 14567224, 14567220, 14566803, 14566800, 14566783, 14566752, 14566749, 14566747, 14566746, 14566745, 14566740, 14566743, 14566742, 14566739, 14566737, 14566735, 14566736, 14566734, 14566733, 14566731, 14566732, 14566730, 14566729, 14566727, 14566725, 14566726, 14566723]
siarheimanakov:[14388544, 13985550, 14555051, 14555957, 14555955, 14555761, 14527683, 14527679, 14527677, 14517882, 14496805, 14484536, 14470136, 10562195, 14448352, 13909009, 14436569, 7474903, 14438468, 14424148, 62586, 11786342, 14421645, 10690374, 14412966, 14403802, 14375052, 439298, 13166391, 10005303, 8025139, 14374721, 14374678, 13232055, 10227464, 14366552, 14361783, 14358864, 11239560, 12037473, 11549975, 63213, 14249018, 13052106, 14095648, 14276784, 14274699, 13776348, 12721906, 14274634]
pickw:[9182829, 14568034, 9088508, 14567186, 14567185, 14566249, 14566248, 14562908, 14566156, 14566153, 14566151, 14566147, 14565852, 14562919, 14562188, 14549677, 14560768, 13933738, 14559724, 14258312, 14558389, 14558024, 14554108, 14559642, 14353802, 14336256, 14446845, 14551688, 14550889, 14549795, 14549700, 14545909, 14538478, 14543196, 14542370, 14523885, 14532031, 14543003, 4832771, 14542754, 14520210, 14449430, 14541950, 5457714, 14538829, 14534067, 14532822, 14532821, 14532818, 14317730]
smlluesma:[14461776, 14404994, 14415050, 14415047, 14415049, 14371785, 14401051, 14401086, 14392015, 14394502, 14389943, 14389051, 14389221, 14384092, 14380631, 14388544, 14388541, 14389938, 14381840, 14381839, 14381838, 14350414, 14377148, 14384093, 14360331, 14358815, 14355749, 14334496, 14334485, 14336801, 14337066, 14313334, 14281473, 14282210, 14282202, 14282201, 14282190, 14249556, 14271508, 14276889, 14274665, 14264138, 14264134, 14259469, 14258232, 14258226, 14229170, 14220458, 14229166, 14229165]
lokesht:[14560041, 14560040, 14543196, 14546599, 14527097, 14542370, 14551864, 14550889, 14555731, 14555730, 14555729, 14550882, 14548900, 14544263, 14540620, 14540619, 14540616, 14540614, 14540612, 14540611, 14540610, 14535056, 14540609, 14534671, 14502271, 14523242, 14523240, 14523238, 14523236, 14523234, 14523232, 14522800, 14522795, 14522793, 14522790, 14522164, 14507852, 14507718, 14507717, 14499284, 14499285, 14507716, 14507713, 14460301, 14468775, 14506925, 14506924, 14506923, 14506922, 14499343]
brianb:[14562166, 14542310, 14043962, 14542309, 14542307, 14542306, 14230816, 14068747, 13908131, 13814469, 13797178, 13797168, 10786869, 418902, 13687104, 13687101, 12248674, 13675453, 13663143, 13631727, 13623418, 13411006, 13562232, 13557491, 13555838, 13555833, 13555752, 13553902, 13553900, 13553885, 13553172, 13553170, 13434837, 13550410, 13421153, 13550290, 13550255, 13548663, 13548591, 13548590, 13548583, 13546088, 13543880, 13543879, 13543877, 11766797, 13532302, 13532241, 13532231, 13529484]
ettore_murabito:[9735966, 7617250, 7617221, 7616611, 7616588, 7616586, 7616514, 7616509, 5867633, 4000379, 7615826, 490947, 4303599, 7615812, 7615810, 7615806, 7615803, 7615749, 4184420, 4187004, 2457769, 7615728, 5663938, 7369146, 3879834, 7615710, 2841551, 411162, 684641, 104749, 3158412, 7615689, 7615683, 7615674, 371963, 1168069, 7615658, 7615650, 7615646, 7615626, 5709850, 1039330, 6145912, 943526, 3298863, 4510853, 240473, 7615394, 7615392, 695554]
euanramsay:[6444009, 6698464, 7132913, 6358186, 802730, 7078993, 7078991, 7130838, 7078984, 6817130, 6906689, 6902058, 6902057, 6906961, 6920972, 6920968, 6721475, 6721471, 7099466, 6970433, 7053713, 3391364, 519903, 1461499, 4401915, 6902455, 6896199, 598728, 6896188, 6875178, 5951036, 1680199, 3745734, 6868020, 6868015, 6867988, 6495127, 1421671, 6867907, 4926583, 5882268, 6867854, 6867697, 6867687, 6867684, 6867680, 6867662, 6867654, 6867647, 6867539]
ajaymalik:[14558076, 14554262, 14554259, 597704, 14554254, 14554250, 14553762, 14542350, 14542349, 14542347, 14542275, 14542274, 14539288, 14539279, 14539277, 14539276, 14539272, 14538479, 14534651, 14534135, 13403508, 14534129, 14534088, 14534086, 14533907, 14530472, 14530468, 14503946, 14503945, 14530462, 14530003, 9189673, 14529941, 14529917, 14529914, 14529913, 13702743, 8254004, 14528406, 14528405, 14171783, 14525925, 14525923, 14525919, 14522634, 14522627, 14522625, 14522623, 14522613, 14521576]
ajcq:[13495303, 13495285, 13491515, 13491512, 13473722, 13416607, 2841419, 13408603, 12717152, 13408581, 13408579, 13408578, 13408573, 13401217, 13401216, 13401212, 3886337, 13401208, 13401206, 13400231, 13400230, 13400221, 13399468, 13399466, 13399465, 13399449, 13205504, 13399440, 13399422, 4291899, 13390493, 13387046, 13387029, 13386212, 6197167, 13386166, 13386115, 100018, 13385139, 13385126, 149014, 13385114, 13385064, 9097646, 13383430, 13379881, 13379871, 13379868, 4041950, 13379846]
arnulfarnulf:[12459886, 12459880, 12460710, 12460713, 12015159, 12317686, 12317683, 10695211, 12317666, 12317664, 12317659, 12317646, 12317641, 12317636, 12296162, 12296160, 9627268, 9578367, 12104140, 820106, 9702518, 11956750, 12096894, 11143842, 12095782, 12095779, 12091755, 6843426, 2187703, 12081292, 12081283, 12081259, 7760324, 6390901, 12060103, 12058366, 12058365, 12056951, 12056947, 12056945, 3044002, 12054401, 1295453, 12054399, 8332662, 12054392, 12054371, 12054359, 12048796, 11870468]
babakap:[14550024, 14404135, 13515894, 14513828, 14284104, 14259758, 14463570, 14467168, 14443927, 14425972, 14425970, 14424069, 14424185, 14257918, 14172403, 14169008, 14423662, 14411157, 14404994, 14415360, 14411062, 14404998, 14395081, 14392125, 14388121, 14386115, 14383456, 14390745, 14388996, 14377457, 2642695, 8453298, 14361743, 876189, 14355276, 14355275, 14316178, 14355271, 14265026, 14355547, 14354956, 14337145, 14353601, 14350115, 14022814, 14350109, 14336992, 14349437, 14349409, 12221786]
bertelsen:[13990452, 13153073, 13926248, 13358615, 13898064, 331864, 13824160, 13809511, 13615655, 13770678, 3128947, 13705567, 13762936, 13632684, 13721908, 13721894, 13721893, 6015829, 13708781, 5788604, 11500861, 12308126, 1685057, 13667622, 13667245, 13666426, 7203690, 12297683, 13336820, 12197477, 2184667, 9608759, 13629804, 13629800, 13626804, 13409262, 13625452, 13593887, 13620629, 13620625, 10985863, 2937498, 13581307, 3225533, 13403623, 13074417, 13609284, 13114696, 13341457, 10800937]
BioNica:[112876, 13693794, 13504287, 13313488, 12601792, 12726552, 12595097, 12595095, 12514528, 12460819, 9239520, 12399247, 12356908, 12403893, 12223556, 12364283, 12300522, 12104110, 8958158, 12355151, 12280839, 11897646, 2620950, 4925254, 4131662, 9782738, 10595786, 11837646, 11804280, 6926398, 7556582, 6080391, 8136692, 11005643, 9388388, 9178699, 10717835, 11000516, 10123684, 8797972, 6389791, 6389792, 5907451, 10390470, 2308945, 2844612, 2678793, 1618977, 10970163, 197238]
Bolozna:[10004111, 12941043, 12941041, 9763822, 9335516, 12938576, 12451615, 12935029, 12883684, 12734723, 12934135, 12934127, 12934123, 12600242, 12933796, 12921966, 8595104, 12870596, 12281137, 12921838, 12788461, 12788481, 12856927, 12090526, 12856885, 12707772, 12850004, 5455141, 12518874, 12658508, 12658522, 12672151, 12615738, 12671733, 12671489, 7574128, 12594025, 12567979, 12475667, 12631959, 12622529, 5150760, 12622527, 12522275, 12568642, 12568465, 12565886, 12564910, 11275974, 12552353]
Borelli:[9102089, 14258850, 13896181, 13467380, 13609151, 9736475, 12411588, 13553175, 13267997, 11379409, 5733612, 10561432, 4720020, 9358666, 2677091, 10086724, 10949895, 11151600, 11810975, 3339024, 11831265, 171775, 13074010, 12112230, 12343350, 13314067, 13387049, 13302713, 2744763, 11534440, 13482905, 13492833, 13462937, 13444067, 13441226, 13391329, 13373986, 13374078, 1910555, 13155135, 13330488, 13321842, 11728209, 13269036, 1181, 241724, 13243895, 506488, 13175122, 13223869]
ccw20:[692056, 9532405, 2643596, 3283391, 9474823, 1397469, 9469055, 2200552, 1287633, 9452886, 9452797, 9448986, 1846387, 4698565, 9401870, 9401102, 9400907, 9286931, 6719856, 9275481, 9146170, 8958154, 9119572, 9335524, 9312839, 5377766, 9318671, 9284066, 9312122, 3116079, 7855005, 9310852, 8890589, 7023539, 8752629, 6179911, 364693, 9303229, 9299500, 9292992, 1814739, 1388250, 8587569, 8630252, 1875692, 7512836, 9135693, 9271147, 6609559, 610987]
cdr4084:[8958158, 12154868, 12154867, 12154866, 12154865, 12154864, 12154862, 12154861, 12154860, 12154859, 12154858, 12154857, 12154856, 12154855, 12154854, 12154853, 12154852, 12154851, 12154850, 12154849, 12154848, 12154847, 12154846, 12154845, 12154844, 12154843, 12154842, 12154841, 12154840, 12154839, 12154838, 12154837, 12154836, 12154835, 12154834, 12154833, 12154832, 12154831, 12154830, 12154829, 12154828, 12154827, 12154826, 12154825, 12154824, 12154823, 12154822, 12154821, 12154820, 12154819]
dafyddstonehewer:[12928982, 13108396, 8884634, 13097750, 802730, 13097708, 13097704, 8958158, 13076674, 13076646, 12387556, 13050510, 13050509, 13050508, 13050507, 12360771, 9389700, 13050505, 1812438, 12221786]
dakelley:[13464710, 13579302, 13507785, 13521950, 13521949, 13470055, 13462727, 13520249, 12758912, 2678830, 8243601, 13519318, 13519308, 13519294, 13514900, 13450923, 13471442, 13462453, 13455019, 13518618, 13518615, 13518614, 13454025, 13518611, 13456731, 13518601, 13518600, 13518599, 13518597, 13515963, 13515098, 13516873, 13498609, 13516113, 13516112, 13515472, 13350581, 13515470, 2228646, 13510701, 7018418, 13465565, 9948512, 13434843, 13451768, 13513021, 13464633, 13452817, 13513003, 13446048]
divyasc:[13765446, 13753789, 13753288, 13710949, 13709656, 13709614, 13709597, 13709591, 13686406, 13684130, 13684129, 13679639, 13643805, 13643776, 13643119, 13643099, 13643097, 13643095, 13641764, 13641762, 13641761, 13641758, 13641755, 13638784, 13637705, 13637698, 13637370, 13637367, 13637366, 7916583, 13637357, 13637354, 13634728, 13634727, 13634725, 13632782, 13632770, 13632539, 9110745, 13632526, 13632514, 8530275, 5489881, 9272415, 8413169, 10250901, 13628894, 13627063, 13627061, 9941879]
drjoey:[13900940, 1320727, 4340546, 241030, 7940836, 2877006, 2976706, 1067590, 9978778, 10214627, 10713939, 10214463, 1811620, 10402286, 9277950, 10401697, 10379217, 10362038, 10081948, 9051820, 10426378, 8270830, 4304804, 10083673, 10212252, 10278250, 9312878, 5656121, 10039251, 9820484, 7685163, 9426170, 9726470, 10081972, 6061275, 935664, 9729226, 79177, 9968332, 9903849, 9949896, 9928181, 9924728, 9841595, 9760362, 9765839, 9780750, 9473854, 3885720, 8667654]
ealloza:[14139496, 14125005, 14124994, 13943154, 13943139, 13943130, 13943124, 13550726, 13330801, 13901974, 13894748, 13706877, 13669810, 13701649, 13696279, 13667607, 13644798, 13601449, 13532768, 13500824, 13350288, 13479751, 13471061, 13435363, 13441705, 12849422, 13429615, 13150810, 13298926, 13204272, 13165438, 13204408, 13161667, 13114741, 13114344, 13106716, 13108296, 13107442, 13050305, 12956470, 12944694, 12944680, 12941463, 12552322, 12741658, 12828587, 12722270, 12839442, 12389701, 10529871]
efaccenda:[14562873, 14562871, 14562480, 14558707, 14553521, 14553774, 14557857, 14553766, 14548738, 14548595, 14546213, 14546212, 14546211, 14546198, 14538694, 14538683, 14536628, 14536606, 14536591, 14536589, 14536554, 14536553, 14534605, 14530856, 14530334, 14511133, 14487361, 14510464, 14510433, 14520616, 14528610, 14528608, 14528606, 14528604, 14528591, 14483022, 14510410, 14510412, 14518145, 14520607, 14511131, 14510463, 14515902, 14515901, 14505331, 14497430, 14488018, 14488015, 14478728, 14479441]
erisen:[2297928, 10512357, 8958158, 710800, 10428310, 10428306, 3196364, 4504576, 7043067, 1886002, 1335094, 5071792, 2463535, 5251724, 7466041, 8784947, 27981, 1221914, 3849473, 1332654, 1839984, 949298, 2099382, 947801, 4501789, 7537630, 7537621, 2547751, 5625894, 6928640, 1775523, 7530051, 7530044, 7530041, 7530027, 7530005, 7529984, 4155519, 402225, 7500621, 1992947, 2674379, 6779284, 5842862, 4071205, 1632346, 782029, 4994143, 1512273, 3878676]
eyliu:[14460869, 14410907, 336990, 14392120, 14134326, 14391626, 14349379, 14349357, 14349342, 9905531, 7466670, 14344084, 12882619, 12905646, 14321242, 13980793, 13706643, 14213610, 14113689, 14096487, 13884231, 10105162, 14042012, 14028855, 13940633, 8013106, 13909317, 13162735, 13621006, 13581701, 13578219, 13547015, 13531692, 13503443, 13508474, 2694520, 13508471, 13508468, 13508467, 13478973, 13476816, 13476813, 13458860, 13457039, 13398980, 7843162, 13378022, 13208547, 13203432, 13202414]
gdb:[8958158, 8862676, 9144429, 118750, 7851772, 3428573, 6144003, 6128169, 7610091, 6043685, 2203015, 7515828, 9680906, 9578262, 9398985, 9564724, 9555487, 9473633, 9391709, 9390039, 9345497, 9316086, 9306113, 9273864, 8649431, 9002638, 8993582, 8483986, 8487785, 8497555, 8468415, 5937208, 1755861, 8305197, 8151066, 8148870, 7988678, 8130942, 7897305, 7918802, 8017832, 7645175, 1147529, 7107153, 7644664, 7776222, 7654115, 7576911, 7369531, 6994703]
golharam:[14435647, 3973297, 13926227, 12806118, 13922001, 13922000, 13683262, 12615295, 13722404, 9608338, 13710098, 13710097, 13710094, 13690416, 12688644, 12407392, 13119729, 12718324, 12476568, 12570923, 13151617, 13247396, 13131769, 13353014, 10659488, 13207208, 13312436, 13299401, 12703412, 11401500, 7340191, 5804402, 13207479, 9703148, 13140005, 11930536, 7285777, 8228490, 10077204, 2688640, 13095574, 13095569, 9306362, 10528387, 12765151, 10612642, 12934563, 10528373, 13091012, 13078669]
grubermar:[5759073, 11191196, 11192311, 8830291, 14128269, 11191048, 14339445, 8487777, 8837469, 14339438, 11191817, 14339437, 7561254, 4064753, 6652868, 175397, 4200367, 10401697, 12300200, 9234761, 11550352, 8958158, 371963, 11237962, 13089950, 13073116, 3484872, 13971221, 1025207, 1025210, 174838, 10054399, 8132834, 6109634, 10639670, 9345497, 2927415, 2857485, 2743597, 6097428, 13911601, 11699891, 7122989, 13055165, 12283770, 10252749, 12104110, 11871158, 10816450, 11223861]
hongenxu:[14414867, 14402682, 14399153, 8232789, 13565201, 14397191, 14395821, 14395750, 14395120, 14274584, 14393216, 14393182, 5077481, 14390642, 14390265, 14389896, 14389834, 14388955, 3072944, 9757235, 14388088, 10141154, 11122293, 13815769, 10840455, 10481433, 9754205, 12925569, 9345497, 4200367, 14387856, 13162306, 14387817, 8883063, 14387808, 8489683, 4166071, 11123397, 10142837, 6664862, 14387794, 14387793, 14387781, 8348246, 14387764, 14387752, 14387210, 14180020, 14213986, 14386117]
ilyashl:[14568490, 14568486, 14568111, 14568109, 14568108, 14568107, 14470136, 14568093, 13916599, 14568044, 14568043, 13972503, 14462924, 14568036, 14568035, 14568030, 12797581, 12695573, 14564396, 14564389, 14562219, 14562215, 14562157, 14558012, 14558011, 14558010, 14556122, 13987807, 14555721, 14553727, 14538830, 531267, 14538827, 14538824, 12908551, 14436569, 4042344, 14513650, 14513620, 14511150, 14505595, 13623162, 14499307, 14499306, 14479507, 14476782, 13632411, 13204999, 10387431, 11380298]
iskanbasal:[14556018, 14556017, 14553768, 14551851, 14551850, 12741174, 14550775, 14550774, 14549008, 14550765, 14550764, 14550762, 14547789, 14172560, 14076290, 13695646, 13695623, 13688971, 13503943, 13472006, 13471642, 13447506, 13365372, 3010240, 1688531, 6607231, 13108912, 12668147, 12547837, 9505664, 12547791, 12547788, 12517612, 12515600, 12515556, 12512261, 12512250, 12512248, 12512246, 9268645, 7975292, 769986, 12464804, 12455191, 12454075, 12453991, 12453986, 12453652, 12447606, 12447519]
kantmoor:[3652901, 8958158, 710800, 5906663, 5906251, 1426656, 5838818, 5838811, 5780208, 5485603, 5383410, 5378540, 5360942, 5347872, 5347861, 5347814, 5347799, 5347778, 5347759, 5335830, 5328576, 2213379, 5328458, 5323395]
karthikraman:[2413970, 14562497, 14558183, 14557173, 14557062, 3836461, 14551698, 14542918, 14523072, 14520463, 14520462, 14520461, 14516958, 14516957, 14516955, 11860133, 14460006, 14510719, 14510718, 14478649, 14510717, 14510716, 14510715, 14510714, 14510713, 14510712, 14510711, 14510710, 14510709, 14510708, 14510707, 14470136, 14510706, 14510705, 14510704, 14415166, 14510703, 14361112, 14510702, 14510700, 14400431, 14418208, 14510699, 14509281, 14510698, 14510697, 14510696, 14510695, 14510694, 14510693]
kmdaily:[670703, 12718324, 12780232, 12601956, 10004318, 4182351, 2295593, 8436854, 12547970, 12530585, 9246141, 8896486, 11442384, 2402689, 12636605, 1042553, 3839716, 5722720, 12613572, 12606647, 12605665, 10900304, 10008278, 10675410, 11493869, 12275603, 6453202, 11823807, 925643, 10310709, 10051638, 12564499, 8857492, 6043555, 12546688, 8493482, 11890948, 9567543, 11892051, 9345497, 10401697, 9922432, 12250418, 6043685, 12300200, 11924177, 12035360, 9753548, 4200367, 9300222]
koyanagicl:[10679929, 10779868, 10668582, 9227862, 9206884, 10625646, 9259300, 10608989, 10612434, 10612435, 10452579, 10541959, 10557609, 10508597, 10282967, 10430891, 10558307, 10553597, 10558308, 10557816, 10553101, 9396926, 9730672, 9979695, 10542404, 10102477, 10509881, 10517229, 10185854, 10507491, 10484195, 10446012, 10041932, 10431198, 10449752, 10425700, 10406062, 10361084, 8980911, 9437235, 9671054, 9918628, 10361846, 8378568, 10360576, 10161003, 10163411, 9089022, 10323366, 10327019]
kshameer:[14134044, 13803263, 1391250, 13802531, 13802530, 13802529, 13802528, 10679929, 13765230, 13713053, 13712666, 13712667, 13106734, 13692880, 13683645, 13669904, 6571955, 8779324, 13696279, 13641520, 12608898, 13638837, 13638807, 13638798, 11407550, 3844493, 13565310, 13636304, 13636214, 11241287, 5983267, 13563812, 13563804, 13563806, 13563805, 13563802, 2716998, 13563800, 13372505, 13563801, 13563798, 13563796, 13563795, 13269974, 13553892, 12940716, 2878513, 13071422, 13468806, 5095263]
kyoohyoungrho:[9215318, 9215317, 9215316, 9215315, 9215314, 9215313, 9215302, 5038638, 5847322, 3203932, 3197060, 5944546, 7964282, 7203444, 9178699, 8907026, 7550575, 7020679, 7020399, 6204210, 6937258, 4072867, 8384837, 7219660, 6389792, 9052870, 8966329, 8966332, 8958712, 8956331, 8962263, 8958158, 9038742]
marti:[4945363, 1637449, 13469334, 10901144, 13209695, 3815920, 13456610, 13461624, 13460947, 13459685, 13459753, 13456749, 13455009, 13449421, 13446040, 13447206, 13432453, 13426638, 11615557, 13387348, 13386463, 13390211, 13390723, 13390106, 13390715, 13379292, 13370767, 13341454, 13341451, 6777678, 13319173, 13317093, 13301398, 13313105, 13301394, 13316276, 13315248, 13300022, 13268067, 13266091, 13253471, 13253470, 13252115, 6582816, 7506085, 3848314, 13244140, 13244139, 13234759, 1899684]
maumartinez:[14568457, 14568455, 14568453, 14538920, 6604000, 14538908, 12350198, 9355532, 14482766, 14482764, 14482108, 14479462, 14479402, 10480426, 14478309, 14478308, 14478307, 1368863, 14478304, 14478294, 14478286, 14478260, 14477935, 14477932, 14477922, 5931451, 14477917, 14477865, 14477863, 14477262, 14477261, 14477260, 14477257, 14477255, 14477251, 14477246, 14477242, 14477236, 14477235, 10292882, 14477233, 14476875, 14466811, 14463091, 13923511, 10135114, 14076478, 14449043, 493946, 14445349]
mikelove:[14115781, 14014849, 13762269, 6416889, 13336813, 12883145, 8218282, 6060642, 13811983, 13669423, 13710094, 13799981, 13375266, 12379253, 526974, 12632013, 9174130, 11446255, 814849, 8862676, 13683723, 10486584, 13245843, 9608780, 9561300, 13143398, 12958696, 13708874, 3057756, 10102447, 10282965, 13532815, 13336812, 12624423, 13706046, 5219096, 13505832, 13705386, 13385083, 12728071, 10715717, 4778506, 11550352, 12827863, 13705379, 10512110, 13529299, 13632592, 13509674, 13398144]
misonneh:[14538129, 14467752, 13776576, 14433366, 14430690, 1510757, 14394831, 14327609, 14394825, 14379887, 14369772, 14113929, 14368158, 14368154, 14368153, 6848611, 14366219, 14355686, 14345199, 14345186, 14345184, 14345183, 14343732, 14340972, 14217605, 14335460, 12357145, 14320722, 14317921, 14320433, 14320424, 14263694, 13948066, 14318199, 14318196, 14316363, 9095046, 14256050, 13578684, 13934926, 14249471, 14249454, 14226126, 13700161, 13233299, 14218608, 14185296, 13981524, 14110957, 14119167]
nailest:[14008017, 13999004, 13999003, 13988895, 13999002, 13999001, 13990460, 13998998, 13998997, 13998996, 13992502, 13991172, 13991171, 13991166, 13982045, 13989844, 13989842, 13550736, 13989822, 13989821, 13982097, 13989819, 10985685, 13989530, 13937133, 13698756, 13989529, 13989528, 13989527, 13989523, 13989522, 13989521, 13989520, 13947320, 13989518, 13989517, 13967098, 13989508, 13989510, 13989509, 13989507, 13989505, 13989504, 13989502, 13989500, 13989498, 13981476, 13989497, 13989494, 13989491]
nemisisnik:[13928511, 8958158, 10697357, 10697291, 10430982, 10697243, 3939829, 929768, 3473959, 6389221, 9577863, 3893257, 10583100, 10583085, 9196043, 554113, 10021179]
nicholasflann:[13835309, 14358869, 14358868, 14346487, 14337467, 14337463, 14337455, 14337372, 1679, 13133246, 13107070, 12926937, 10673818, 13582909, 14093470, 799672, 7130355, 14017204, 10453732, 7970771, 14016978, 14016976, 14016973, 14016971, 10241126, 7941129, 14015310, 14015304, 14015301, 14015255, 14015234, 14015231, 13154301, 13991799, 13936021, 13816803, 13936020, 13854887, 74556, 8493166, 1194724, 13854867, 3398086, 7513023, 3908284, 4205211, 13644820, 7429450, 10624255, 13644745]
nurmustafaoglu:[12308446, 12308358, 12229124, 2149813, 12308332, 6180872, 10435058, 12297786, 12297605, 12295779, 12295778, 12295776, 9893438, 12291099, 2985775, 12256350, 12262119, 815866, 6747606, 313964, 12262116, 12249920, 7823237, 12249919, 12249003, 12249001, 12248999, 1165207, 12201824, 3701888, 12201793, 11847885, 10602310, 12201680, 12201666, 12176143, 12175969, 6479145, 12073417, 2860657, 8382419, 8382420, 12073403, 12034466, 12034465, 4945361, 10792735, 310558, 10318875, 8958158]
paulschlesinger:[14389002, 14388599, 14378448, 14373908, 14367526, 14366398, 2269709, 14357281, 14176695, 14355788, 14353431, 14353428, 14353087, 14352719, 14352057, 14352049, 14346903, 6711290, 14344927, 14344480, 14343935, 14340760, 14335590, 2568373, 12846013, 14334774, 14334564, 14334375, 14333843, 14333585, 14332903, 14332326, 14331757, 14331745, 14327386, 14326008, 14325949, 14325937, 14322013, 14320078, 14320944, 14315543, 14315244, 14314919, 7691003, 494699, 14313041, 1851714, 10348598, 748102]
pkurywchak:[7704725, 8345486, 8789783, 11421921, 3043663, 11421404, 4401095, 9365457, 11420921, 10994491, 5333855, 7832870, 7832872, 1772032, 11402174, 2051476, 9595535, 3758337, 11401275, 4097887, 7615674, 974897, 6031223, 4607275, 2358823, 3150838, 4014570, 7972366, 8958158, 10378330]
poirel:[12476565, 11450212, 12474960, 11728842, 11498357, 12528309, 12518574, 12476989, 5431985, 12197355, 10164144, 11854914, 8975955, 10699217, 12010542, 12015515, 11966203, 11858586, 11839662, 11852474, 11920219, 11868309, 11868451, 11923443, 11859184, 11914693, 11914706, 8775274, 310525, 10114536, 4192347, 11804413, 960823, 11533284, 363628, 7675080, 11531971, 11477402, 11531898, 11428511, 6599258, 11073109, 10021697, 4293827, 5998545, 11276411, 11287361, 11234158, 9312103, 11161284]
PolymeraseI:[13417051, 13334860, 13414545, 2549252, 13414536, 8783420, 8779248, 13414531, 3885618, 13345536, 13204150, 13414524, 13223263, 13412126, 13412123, 13412118, 5907455, 11193012, 11191048, 1219454, 4076506, 9431973, 13410188, 9896028, 13409344, 13409343, 13409342, 13409331, 9430938, 2852906, 13409328, 13378079, 13365917, 3721754, 3819677, 307452, 13362269, 689004, 13344009, 13331564, 4677641, 13327597, 13327595, 13311803, 12173285, 1449778, 13223373, 11586051, 13222969, 3837641]
rajarshi:[14552508, 14550263, 14550341, 14550024, 14548147, 14545118, 14421635, 14181611, 14542184, 1277537, 14537320, 14536095, 7398192, 14527916, 14533976, 14323329, 14527537, 13932461, 14526303, 14523173, 14522632, 14516450, 14513621, 3687148, 14510429, 14504827, 14503904, 14503147, 14500153, 14488294, 9231055, 14472189, 14468878, 14468361, 14463241, 14463069, 14458047, 13621239, 13403472, 10159367, 14458045, 14458044, 14420842, 14436723, 14444782, 14182629, 14438971, 13682445, 13682450, 14435643]
shikin:[14496838, 14558781, 14558780, 14558779, 14558778, 14413843, 13628005, 13989805, 14553837, 9234761, 14430512, 14477807, 14542754, 14520210, 14544580, 14544575, 14540901, 14042559, 13525918, 14527097, 14544566, 14544565, 14542570, 14541169, 14533914, 14525900, 14219292, 7804648, 13901183, 14523163, 14518903, 14515952, 14504567, 14518508, 14478339, 14478337, 14115275, 14473553, 14470482, 14470481, 14470477, 14392211, 14470474, 14470473, 14466721, 14247590, 14470468, 14463570, 6056132, 13527499]
sneelin:[13923195, 13923192, 13923190, 13923186, 8958158, 13922026, 13922024, 13922021, 13922020, 13922018, 13922016]
spongelab:[13049474, 4184651, 8978172, 12525734, 10238883, 2865708, 11280437, 6564139, 1304784, 10842149, 12159372, 12525717, 12259193, 12259155, 9422053, 12241889, 11895329, 9639752, 10994482, 8208832, 11915146, 11902965, 11897843, 11868588, 11868582, 3864711, 11735492, 2464845, 10707600, 11450941, 11486690, 9526683, 11089809, 6675001, 11276328, 9626156, 9626165, 9626159, 11159104, 11131296, 9977036, 11022239, 10966138, 10067664, 2383786, 10855014, 10782876, 2183792, 10744011, 7171055]
stiller111:[13370336, 13370309, 10795417, 13163800, 13159171, 13155604, 3988378, 8958158, 13144423, 13144417, 13140244, 10824931, 13137468, 558485, 13137391, 13109485, 13109484, 13109483, 13109482, 13109479, 13109475, 13109473, 13109470, 5842862, 13096961, 13096958, 13091550, 12819965, 12819944, 8696538, 2229138, 12819098, 12422108, 8690875, 1182327, 8333214, 12807610, 12788729, 12788723, 12788722, 10575762, 5470230, 6746574, 12453261, 8692162, 12608114, 4607275, 12313588, 4209480, 400014]
thompsonneildoman:[12298084, 12291830, 12289321, 9476353, 12284307, 11981671, 11151583, 11307536, 10904155, 12054738, 11978949, 3038596, 11003914, 10996333, 9761668, 10801119, 2314256, 6603355, 10772263, 10745089, 10542176, 9453269, 8946558, 10719447, 10658115, 9213561, 10552441, 10487394, 10483710, 10461345, 10402529, 10398400, 10398398, 90367, 10398368, 7191188, 7282164, 4490675, 7928290, 10214853, 7265274, 9941494, 10201228, 9026621, 7040567, 10200619, 6533870, 6227728, 7942605, 4389414]
tonamswish:[13897033, 14089887, 14566972, 14566646, 12729383, 14566176, 14566138, 14566137, 14565924, 14560283, 14558335, 14556019, 14487456, 14553791, 14553790, 14550904, 14550903, 14550902, 14550720, 14550719, 11861830, 14549686, 14547369, 14546343, 13174665, 14229677, 14544052, 14544047, 14544046, 14544045, 14544044, 14542894, 14542732, 14271989, 13666618, 14542520, 14542371, 14542370, 14042575, 14533586, 14181693, 12787292, 14531996, 14531994, 14527768, 14527766, 1323587, 466212, 14525583, 8070223]
vvoorr:[14556480, 14551379, 14551378, 14551375, 14551374, 14551373, 14550834, 268431, 14544018, 967503, 14543260, 14542751, 14540981, 14537624, 13454544, 14534982, 14534981, 14533502, 14532427, 11751935, 11994593, 12411201, 14530365, 14530364, 14530363, 14530362, 14529817, 14528787, 14527575, 14526209, 14523436, 10779812, 14523511, 10907452, 14520768, 14520132, 14519260, 14513825, 14381156, 14513302, 14513301, 14513299, 14512029, 14512028, 14508696, 14508695, 14508540, 14505686, 5845054, 14496534]
vz33:[10381291, 3043913, 7327856, 12175670, 13693242, 13682826, 13690243, 13688876, 13681895, 13657020, 13621239, 13654977, 13440695, 2785893, 9716734, 13653142, 12563148, 13608104, 13497331, 13572908, 13555752, 436785, 13446640, 13568348, 13568346, 3187100, 13561746, 4483866, 13555408, 13546442, 13505349, 13505342, 10214388, 13502323, 12965409, 8765094, 12921475, 12299906, 10337437, 13481174, 13449711, 7561623, 13473672, 13473136, 9401140, 12659716, 8949092, 7426528, 9608344, 13462585]
Zephyrus:[14072589, 14072581, 14042973, 14042972, 13939702, 961090, 13686198, 13809834, 13809833, 13809832, 13809831, 13809830, 13809829, 12979879, 12699967, 13585145, 13529105, 13527982, 11980119, 13527979, 13527969, 13527957, 13527952, 13527879, 13527207, 13527177, 13526422, 13526424, 13526217, 13526185, 13526146, 13525889, 13525388, 13506195, 13525350, 13525332, 13525333, 13525334, 13525335, 13525336, 13525330, 13525230, 13524774, 13524773, 13524771, 13524764, 13524762, 13524758, 13524757, 13524756]
jbfitzgerald:[14558420, 14558417, 14558411, 14558409, 14558408, 14558395, 14558372, 14558369, 14558368, 14558089]
hansko:[14558341, 14535174, 14558206, 14556550, 14556551, 14556545, 14550036, 14550035, 14546435, 14538108, 14536650, 14532857, 14533595, 14532046, 14532043, 14528361, 14528336, 14528335]
jrifon:[9396146, 14225255, 14225256, 14225257, 14174634, 14174633, 14174632, 14174631, 14155930, 14067408, 14148020, 14146935, 14146929, 14146653, 14145297, 14145291, 14145290, 14144966, 14095982, 14142792, 14142791, 14142788, 14142786, 14142785, 14142416, 14142413, 14142411, 13996937, 14017277, 14017278, 14093476, 14139411, 14139410, 14139409, 14133869, 14139069, 14138224, 14139067, 14139066, 14139065, 14133897, 14133880, 14133561, 14131921, 14131707, 14131675, 14131664, 14131661, 14130849, 14130848]
huangj00:[14568303, 14568298, 14568295, 14551757, 14562905, 14562893, 14562545, 14562543, 14561512, 14560850, 14560847, 14560795, 14560751, 14559994, 14559991, 14559990, 14559988, 14559987, 14559986, 14559958, 14559954, 14559953, 14559934, 14559922, 14558412, 14558307, 14558060, 14555673, 14555672, 14555062, 14555051, 14549804, 14548741, 14548739, 14548324, 14548320, 14547815, 14546627, 14546602, 14546601, 14546599, 14544623, 14543188, 14542999, 14541902, 14541900, 14539318, 14538385, 14538380, 14180397]
rachaelalanabishop:[14553399]
roys:[14443180, 14468912, 14523238, 14551517, 14550899, 14534525, 14533911, 14531427, 14531425, 14531424, 14531346, 14530545, 14529603, 14529601, 14486188, 14523185, 14519877, 14485628, 14483068, 14483065, 14262285, 6066191, 14475196, 14393123, 14122821, 14462004, 14461742, 14447938, 767781, 14447534, 14445974, 14444706, 14424422, 14440867, 14440865, 3991476, 14437515, 14437513, 5469872, 3393079, 14435207, 13765971, 14425972, 14425968, 3200245, 2825517, 14427118, 14428874, 14428181, 14428149]
hkawashi:[14502691, 14504994, 14525536, 14523238, 14507868, 14507867, 14507866, 14444605, 14444609, 14444607, 14484255, 14468622, 14468621, 14436584, 14468620, 14421406, 14424185, 14390745, 14437157, 14397759, 14437156, 14411992, 14403406, 14398798, 14403403, 14403400, 14403399, 14403398, 14403396, 14403395, 14403393, 14357200, 14403392, 14403390, 14309147, 14403385, 14403384, 14403383, 14365284, 14382765, 14382764, 14382763, 14382761, 14334409, 14382760, 14337223, 14343679, 14343678, 14343677, 14343676]
songpku:[14566619, 14550776, 14546269, 14543227, 14540581, 14535056, 14527515, 13593916, 14527003, 14527000, 14526332, 14526043, 14508754, 14508753, 14507278, 14284410, 14507277, 14507276, 14506073, 14506070, 14498945, 14488292, 14480343, 14479961, 14475142, 14473896, 14467028, 14466709, 14466579, 14461676, 14460082, 14460020, 14459361, 14449534, 14445976, 14443113, 14426102, 14440806, 14440804, 14419157, 14415603, 14412275, 14409076, 14409070, 14409069, 14409064, 14409062, 13975971, 14404994, 14402978]
Yanno:[14522074, 14556115, 14556468, 14556467, 14555090, 14512386, 14549171, 14534279, 14549148, 14548081, 14547709, 14547708, 14547707, 14544468, 14542741, 14542495, 14541305, 14541302, 14541301, 14540749, 14539044, 14538676, 14537996, 14537734, 14536059, 14530900, 14530698, 14523414, 14530696, 14529686, 14529673, 13851028, 14528180, 14527923, 14526183, 14526180, 14526177, 14523780, 14521166, 14521165, 4911678, 14519352, 14519265, 14519264, 4681245, 14519132, 14519126, 1587814, 6387712, 14518256]
PaperCollector:[14568339, 14568094, 14568092, 14283670, 14568071, 14568069, 14568066, 14258136, 14568064, 14568063, 14568059, 14568058, 14568057, 13325827, 14568056, 12058111, 7911243, 13499182, 14568026, 14568025, 14568004, 14567978, 14567976, 14567974, 14567973, 13593053, 14567972, 13377815, 14567971, 14567970, 13501328, 13901214, 14567965, 6040542, 14567958, 14567956, 14567144, 14567142, 14567140, 13433479, 14567139, 14567136, 14567134, 10725397, 14567131, 14567130, 14567128, 14567126, 13894747, 14566712]
jmestrada:[14551425, 14551639, 14549795, 14548803, 14548802, 14548801, 14548800, 14548799, 14548798, 14548797, 14548796, 14548795, 14548794, 14548793, 14548790]
KGelling:[14566505, 14562824, 14561473, 14561471, 14560189, 14554124, 14554050, 14554048, 14554046, 14554040, 14554037, 14549643, 14548130, 14546568, 14542113, 14542103, 14538243, 14538241, 14538045, 14538044, 14535664, 14531807, 14520255, 14518178, 14517154, 14517106, 14517084, 14509437, 14517078, 14514489, 14350389, 14512358, 14486622, 14479288, 14475908, 14475906, 14475905, 14470373, 14469635, 2868411, 14449091, 14447491, 14447490, 14440778, 14426859, 14425874, 14425872, 14425860, 14424111, 14424108]
sjpark:[14565977, 14545206, 14229677]
